4294967294,0
4294967278,132
4294967278,131
4294967278,130
4294967278,129
4294967278,128
4294967278,127
4294967278,126
4294967278,125
4294967278,124
4294967278,123
4294967278,122
4294967278,121
4294967278,120
4294967278,119
4294967278,118
4294967278,117
4294967278,116
4294967278,115
4294967278,114
4294967278,113
4294967278,111
4294967278,110
4294967278,376
4294967278,109
4294967278,227
4294967278,108
4294967278,225
4294967278,107
4294967278,106
4294967278,221
4294967278,105
4294967278,104
4294967278,103
4294967278,102
4294967278,101
4294967278,100
4294967278,99
4294967278,315
4294967278,98
4294967278,314
4294967278,97
4294967278,96
4294967278,312
4294967278,95
4294967278,94
4294967278,93
4294967278,92
4294967278,91
4294967278,90
4294967278,89
4294967278,87
4294967278,86
4294967278,362
4294967278,85
4294967278,84
4294967278,83
4294967278,82
4294967278,81
4294967278,80
4294967278,79
4294967278,78
4294967278,77
4294967278,76
4294967278,75
4294967278,74
4294967278,73
4294967278,72
4294967278,71
4294967278,70
4294967278,69
4294967278,68
4294967278,67
4294967278,66
4294967278,65
4294967278,64
4294967278,63
4294967278,62
4294967279,260
4294967279,84
4294967279,83
4294967279,77
4294967279,71
4294967279,70
4294967279,68
4294967279,65
4294967279,63
4294967279,59
4294967279,54
4294967279,53
4294967279,51
4294967279,49
4294967279,46
4294967279,44
4294967279,42
4294967279,38
4294967279,28
4294967279,25
4294967279,20
4294967279,15
4294967279,12
4294967279,11
4294967279,10
4294967279,8
4294967279,7
4294967279,6
4294967279,5
4294967279,4
0,5
4294967278,112
4294967278,235
4294967294,7
4294967294,1416
4294967294,1415
206,6
206,5
206,4
206,3
206,2
206,1
4294967278,404
203,6
203,5
203,4
203,3
203,2
203,1
4294967278,303
200,7
200,6
200,5
200,4
200,3
200,2
200,1
4294967279,291
4294967278,403
4294967279,318
196,7
196,6
196,5
196,4
196,3
196,2
196,1
4294967278,339
4294967278,401
192,4
192,3
192,2
192,1
191,4
191,3
191,2
191,1
190,4
190,3
190,2
190,1
189,6
4294967279,345
189,5
189,4
189,3
189,2
189,1
188,5
4294967294,1418
188,4
188,3
188,2
188,1
187,6
187,5
187,4
187,3
187,2
187,1
186,6
4294967294,472
186,5
186,4
186,3
186,2
186,1
185,6
4294967294,1421
4294967294,1420
4294967294,471
185,5
185,4
185,3
185,2
185,1
184,5
184,4
184,3
184,2
184,1
182,4
182,3
182,2
182,1
4294967278,293
4294967278,400
4294967278,396
4294967278,283
4294967278,385
4294967279,342
4294967293,131
4294967293,130
4294967293,129
4294967293,128
4294967293,127
4294967293,126
4294967293,125
4294967293,124
4294967293,123
4294967293,122
4294967293,121
4294967293,120
4294967293,119
4294967293,118
4294967293,117
4294967293,116
4294967293,115
4294967293,114
4294967293,113
4294967293,112
4294967293,111
4294967293,110
4294967293,109
4294967293,108
4294967293,107
4294967293,106
4294967293,105
4294967293,104
4294967293,103
4294967293,102
4294967293,101
4294967293,100
4294967293,99
4294967293,98
4294967293,97
4294967293,96
4294967293,95
4294967293,94
4294967293,93
4294967293,92
4294967293,91
4294967293,90
4294967293,89
4294967293,88
4294967293,87
4294967293,86
4294967293,85
4294967293,84
4294967293,83
4294967293,82
4294967293,81
4294967293,80
4294967293,79
4294967293,78
4294967293,77
4294967293,76
4294967293,75
4294967293,74
4294967293,73
4294967293,72
4294967293,71
4294967293,70
4294967293,69
4294967293,68
4294967293,67
4294967293,66
4294967293,65
4294967293,64
4294967293,63
4294967293,62
4294967293,61
4294967293,60
4294967293,59
4294967293,58
4294967293,57
4294967293,56
4294967293,55
4294967293,54
4294967293,53
4294967293,52
4294967293,51
4294967293,50
4294967293,49
4294967293,48
4294967293,47
4294967293,46
4294967293,45
4294967293,44
4294967293,43
4294967293,42
4294967293,41
4294967293,40
4294967293,39
4294967293,38
4294967293,37
4294967293,36
4294967293,35
4294967293,34
4294967293,33
4294967293,32
4294967293,31
4294967293,30
4294967293,29
4294967293,28
4294967293,27
4294967293,26
4294967293,25
4294967293,24
4294967293,23
4294967293,22
4294967293,21
4294967293,20
4294967293,19
4294967293,18
4294967293,17
4294967293,16
4294967293,15
4294967293,14
4294967293,13
4294967293,12
4294967293,11
4294967293,10
4294967293,9
4294967293,8
4294967293,7
4294967293,6
4294967293,5
4294967293,4
4294967293,3
4294967293,2
4243767290,0
4243767289,0
4243767288,0
